1,376416,Apr,21
2,16714,Apr,21
3,298,Apr,21
4,6,Aug,24
5,357,Aug,24
6,1,Aug,24
7,43,Nov,11
8,2494,Nov,11
9,1,Nov,11
10,2712,Nov,11
11,15,Apr,23
12,246,Apr,23
13,1,Apr,23
14,11,Apr,23
15,1720,Apr,21
16,11358,Apr,21
17,257,Apr,21
18,11358,Apr,21
19,897,Apr,21
20,112267,Apr,21
21,110622,Apr,21
22,112267,Apr,21
23,110622,Apr,21
24,112267,Apr,21
25,110622,Apr,21
26,112267,Apr,21
27,112267,Apr,21
28,110622,Apr,21
29,112267,Apr,21
30,110622,Apr,21
31,110622,Apr,21
32,11358,Apr,21
33,18,Apr,21
34,5,Apr,21
35,333,Apr,21
36,1,Apr,21
37,37,Apr,21
38,18,Apr,21
39,7,Apr,21
40,404,Apr,21
41,1,Apr,21
42,41,Apr,21
43,18,Apr,21
44,6,Apr,21
45,655,Apr,21
46,1,Apr,21
47,39,Apr,21
48,18,Apr,21
49,6,Apr,21
50,373,Apr,21
51,1,Apr,21
52,39,Apr,21
53,18,Apr,21
54,7,Apr,21
55,820,Apr,21
56,1,Apr,21
57,41,Apr,21
58,3114,Apr,21
59,795,Apr,21
60,243,Apr,21
61,5137,Apr,21
62,1776,Apr,21
63,5974,Apr,21
64,1801,Apr,21
65,183,Apr,21
66,132,Apr,21
67,8023,Apr,21
68,17144,Apr,21
69,2934,Apr,21
70,1428,Apr,21
71,709,Apr,21
72,1148,Apr,21
73,1937,Apr,21
74,3331,Apr,21
75,380,Apr,21
76,1373,Apr,21
77,3542,Apr,21
78,174,Apr,21
79,3152,Apr,21
80,143,Apr,21
81,2056,Apr,21
82,4773,Apr,21
83,980,Apr,21
84,3513,Apr,21
85,4977,Apr,21
86,129,Apr,21
87,1362,Apr,21
88,1514,Apr,21
89,879,Apr,21
90,1747,Apr,21
91,4642,Apr,21
92,1711,Apr,21
93,3287,Apr,21
94,1031,Apr,21
95,4785,Apr,21
96,3451,Apr,21
97,663,Apr,21
98,82327,Apr,21
99,16,Apr,21
100,1148,Apr,21
101,894,Apr,21
102,3114,Apr,21
103,795,Apr,21
104,243,Apr,21
105,5137,Apr,21
106,1776,Apr,21
107,5974,Apr,21
108,1801,Apr,21
109,183,Apr,21
110,132,Apr,21
111,8023,Apr,21
112,17144,Apr,21
113,2934,Apr,21
114,1428,Apr,21
115,709,Apr,21
116,1148,Apr,21
117,1937,Apr,21
118,3331,Apr,21
119,380,Apr,21
120,1373,Apr,21
121,3542,Apr,21
122,174,Apr,21
123,3152,Apr,21
124,143,Apr,21
125,2056,Apr,21
126,4773,Apr,21
127,980,Apr,21
128,3513,Apr,21
129,4977,Apr,21
130,129,Apr,21
131,1362,Apr,21
132,1514,Apr,21
133,879,Apr,21
134,1747,Apr,21
135,4642,Apr,21
136,1711,Apr,21
137,3287,Apr,21
138,1031,Apr,21
139,4785,Apr,21
140,3451,Apr,21
141,663,Apr,21
142,82327,Apr,21
143,16,Apr,21
144,1148,Apr,21
145,894,Apr,21
146,3114,Apr,21
147,795,Apr,21
148,243,Apr,21
149,5137,Apr,21
150,1776,Apr,21
151,5974,Apr,21
152,1801,Apr,21
153,183,Apr,21
154,132,Apr,21
155,8023,Apr,21
156,17144,Apr,21
157,2934,Apr,21
158,1428,Apr,21
159,709,Apr,21
160,1148,Apr,21
161,1937,Apr,21
162,3331,Apr,21
163,380,Apr,21
164,1373,Apr,21
165,3542,Apr,21
166,174,Apr,21
167,3152,Apr,21
168,143,Apr,21
169,2056,Apr,21
170,4773,Apr,21
171,980,Apr,21
172,3513,Apr,21
173,4977,Apr,21
174,129,Apr,21
175,1362,Apr,21
176,1514,Apr,21
177,879,Apr,21
178,1747,Apr,21
179,4642,Apr,21
180,1711,Apr,21
181,3287,Apr,21
182,1031,Apr,21
183,4785,Apr,21
184,3451,Apr,21
185,663,Apr,21
186,82327,Apr,21
187,16,Apr,21
188,1148,Apr,21
189,894,Apr,21
190,18,Apr,21
191,20,Apr,21
192,1804,Apr,21
193,1,Apr,21
194,43,Apr,21
195,18,Apr,21
196,4,Apr,21
197,530,Apr,21
198,1,Apr,21
199,35,Apr,21
200,24,Apr,21
201,7,Apr,21
202,808,Apr,21
203,1,Apr,21
204,41,Apr,21
205,18,Apr,21
206,12,Apr,21
207,763,Apr,21
208,1,Apr,21
209,51,Apr,21
210,18,Apr,21
211,6,Apr,21
212,742,Apr,21
213,1,Apr,21
214,39,Apr,21
215,18,Apr,21
216,10,Apr,21
217,421,Apr,21
218,1,Apr,21
219,47,Apr,21
220,18,Apr,21
221,6,Apr,21
222,2550,Apr,21
223,1,Apr,21
224,39,Apr,21
225,18,Apr,21
226,11,Apr,21
227,586,Apr,21
228,1,Apr,21
229,49,Apr,21
230,18,Apr,21
231,10,Apr,21
232,1143,Apr,21
233,1,Apr,21
234,47,Apr,21
235,18,Apr,21
236,9,Apr,21
237,633,Apr,21
238,1,Apr,21
239,45,Apr,21
240,18,Apr,21
241,10,Apr,21
242,520,Apr,21
243,1,Apr,21
244,47,Apr,21
245,18,Apr,21
246,6,Apr,21
247,1019,Apr,21
248,1,Apr,21
249,39,Apr,21
250,18,Apr,21
251,6,Apr,21
252,351,Apr,21
253,1,Apr,21
254,39,Apr,21
255,18,Apr,21
256,6,Apr,21
257,382,Apr,21
258,1,Apr,21
259,39,Apr,21
260,801,Apr,21
261,2868,Apr,21
262,781,Apr,21
263,201,Apr,21
264,4836,Apr,21
265,1542,Apr,21
266,5620,Apr,21
267,1591,Apr,21
268,168,Apr,21
269,127,Apr,21
270,7782,Apr,21
271,16668,Apr,21
272,2838,Apr,21
273,1245,Apr,21
274,610,Apr,21
275,1094,Apr,21
276,1810,Apr,21
277,3018,Apr,21
278,334,Apr,21
279,1247,Apr,21
280,3411,Apr,21
281,168,Apr,21
282,2793,Apr,21
283,135,Apr,21
284,1863,Apr,21
285,4522,Apr,21
286,819,Apr,21
287,3405,Apr,21
288,4785,Apr,21
289,124,Apr,21
290,1333,Apr,21
291,1288,Apr,21
292,799,Apr,21
293,1535,Apr,21
294,4525,Apr,21
295,1592,Apr,21
296,3103,Apr,21
297,859,Apr,21
298,4493,Apr,21
299,3207,Apr,21
300,553,Apr,21
301,78510,Apr,21
302,14,Apr,21
303,4273,Apr,21
304,1119,Apr,21
305,873,Apr,21
306,781,Apr,21
307,220,Apr,21
308,4924,Apr,21
309,1543,Apr,21
310,5708,Apr,21
311,1680,Apr,21
312,168,Apr,21
313,127,Apr,21
314,7870,Apr,21
315,16724,Apr,21
316,2927,Apr,21
317,1256,Apr,21
318,610,Apr,21
319,1094,Apr,21
320,1810,Apr,21
321,3018,Apr,21
322,334,Apr,21
323,1248,Apr,21
324,3499,Apr,21
325,168,Apr,21
326,2793,Apr,21
327,135,Apr,21
328,1863,Apr,21
329,4610,Apr,21
330,819,Apr,21
331,3493,Apr,21
332,4873,Apr,21
333,124,Apr,21
334,1333,Apr,21
335,1294,Apr,21
336,801,Apr,21
337,1535,Apr,21
338,4613,Apr,21
339,1592,Apr,21
340,3191,Apr,21
341,859,Apr,21
342,4581,Apr,21
343,3216,Apr,21
344,553,Apr,21
345,1119,Apr,21
346,873,Apr,21
347,18,Apr,21
348,8,Apr,21
349,545,Apr,21
350,1,Apr,21
351,43,Apr,21
352,18,Apr,21
353,8,Apr,21
354,357,Apr,21
355,1,Apr,21
356,35,Apr,21
357,18,Apr,21
358,9,Apr,21
359,598,Apr,21
360,1,Apr,21
361,37,Apr,21
362,18,Apr,21
363,9,Apr,21
364,580,Apr,21
365,1,Apr,21
366,37,Apr,21
367,18,Apr,21
368,10,Apr,21
369,407,Apr,21
370,1,Apr,21
371,39,Apr,21
372,18,Apr,21
373,10,Apr,21
374,406,Apr,21
375,1,Apr,21
376,39,Apr,21
377,18,Apr,21
378,8,Apr,21
379,326,Apr,21
380,1,Apr,21
381,35,Apr,21
382,18,Apr,21
383,9,Apr,21
384,339,Apr,21
385,1,Apr,21
386,37,Apr,21
387,18,Apr,21
388,7,Apr,21
389,1011,Apr,21
390,1,Apr,21
391,33,Apr,21
392,10,Apr,21
393,8,Apr,21
394,4404,Apr,21
395,1,Apr,21
396,192,Apr,21
397,1076,Apr,23
398,1076,Apr,23
399,38,Apr,21
400,8,Apr,21
401,382,Apr,21
402,1,Apr,21
403,51,Apr,21
404,5,Apr,21
405,12,Apr,21
406,385,Apr,21
407,1,Apr,21
408,76,Apr,21
409,12,Apr,21
410,175,Apr,21
411,1,Apr,21
412,15,Apr,21
413,10,Apr,21
414,1990,Apr,21
415,1,Apr,21
416,13,Apr,21
417,45,Apr,21
418,9,Apr,21
419,3354,Apr,21
420,1,Apr,21
421,10,Apr,21
422,5,Apr,21
423,234,Apr,21
424,1,Apr,21
425,1076,Apr,21
426,79,Apr,21
427,124,Apr,21
428,7,Apr,21
429,224400,Apr,21
430,1,Apr,21
431,5,Apr,21
432,17540,Apr,21
433,1,Apr,21
434,7,Apr,21
435,7895,Apr,21
436,1,Apr,21
437,9,Apr,21
438,1643,Apr,21
439,1,Apr,21
440,12,Apr,21
441,487,Apr,21
442,1,Apr,21
443,25,Apr,21
444,7,Apr,21
445,491,Apr,21
446,1,Apr,21
447,11,Apr,21
448,339,Apr,21
449,1,Apr,21
450,24,Apr,21
451,5,Apr,21
452,30523,Apr,21
453,1,Apr,21
454,32,Apr,21
455,19,Apr,21
456,165,Apr,21
457,1,Apr,21
458,33,Apr,21
459,947,Apr,21
460,1,Apr,21
461,10,Apr,21
462,39,Apr,21
463,5,Apr,21
464,3595,Apr,21
465,1,Apr,21
466,442,Apr,21
467,10,Apr,21
468,29,Apr,21
469,1772,Apr,21
470,1,Apr,21
471,9,Apr,21
472,74,Apr,21
473,6,Apr,21
474,2204,Apr,21
475,1,Apr,21
476,2181,Apr,21
477,6,Apr,21
478,24,Apr,21
479,5,Apr,21
480,467,Apr,21
481,1,Apr,21
482,23,Apr,21
483,12,Apr,21
484,829,Apr,21
485,1,Apr,21
486,34,Apr,21
487,6,Apr,21
488,1464,Apr,21
489,1,Apr,21
490,9,Apr,21
491,2739,Apr,21
492,1,Apr,21
493,54,Apr,21
494,7,Apr,21
495,5268,Apr,21
496,1,Apr,21
497,4,Apr,21
498,249,Apr,21
499,1,Apr,21
500,31,Apr,21
501,18,Apr,21
502,411,Apr,21
503,1,Apr,21
504,9,Apr,21
505,230,Apr,21
506,1,Apr,21
507,12,Apr,21
508,19,Apr,21
509,1144,Apr,21
510,1,Apr,21
511,6,Apr,21
512,3576,Apr,21
513,1,Apr,21
514,42,Apr,21
515,6,Apr,21
516,12660,Apr,21
517,1,Apr,21
518,780,Apr,21
519,7,Apr,21
520,853,Apr,21
521,1,Apr,21
522,30,Apr,21
523,9,Apr,21
524,155,Apr,21
525,1,Apr,21
526,17,Apr,21
527,220,Apr,21
528,1,Apr,21
529,9,Apr,21
530,523,Apr,21
531,1,Apr,21
532,11,Apr,21
533,555,Apr,21
534,1,Apr,21
535,6177,Apr,21
536,10,Apr,21
537,2232,Apr,21
538,1,Apr,21
539,21,Apr,21
540,25,Apr,21
541,17,Apr,21
542,2198,Apr,21
543,1,Apr,21
544,11,Apr,21
545,853,Apr,21
546,1,Apr,21
547,24,Apr,21
548,4,Apr,21
549,185,Apr,21
550,1,Apr,21
551,37,Apr,21
552,8,Apr,21
553,18,Apr,21
554,13264,Apr,21
555,1,Apr,21
556,8,Apr,21
557,3854,Apr,21
558,1,Apr,21
559,49,Apr,21
560,6,Apr,21
561,4221,Apr,21
562,1,Apr,21
563,4,Apr,21
564,973,Apr,21
565,1,Apr,21
566,53,Apr,21
567,18,Apr,21
568,245,Apr,21
569,1,Apr,21
570,16,Apr,21
571,39670,Apr,21
572,9,Apr,21
573,787,Apr,21
574,1,Apr,21
575,8,Apr,21
576,922,Apr,21
577,1,Apr,21
578,8,Apr,21
579,13,Apr,21
580,341,Apr,21
581,1,Apr,21
582,4,Apr,21
583,0,Apr,21
584,11358,Apr,21
585,257,Apr,21
586,11388,Apr,21
587,11358,Apr,21
588,331,Apr,21
589,11358,Apr,21
590,1307,Apr,21
591,2120,Apr,21
592,145420,Apr,21
593,2099,Apr,21
594,37114,Apr,21
595,406,Apr,21
596,11358,Apr,21
597,3434,Apr,21
598,13366,Apr,21
599,1366,Apr,21
600,101,Apr,21
601,348776,Apr,21
602,12646,Apr,21
603,24655,Apr,21
604,3114,Apr,21
605,795,Apr,21
606,243,Apr,21
607,5227,Apr,21
608,1776,Apr,21
609,6064,Apr,21
610,1891,Apr,21
611,183,Apr,21
612,132,Apr,21
613,8113,Apr,21
614,17144,Apr,21
615,3024,Apr,21
616,1428,Apr,21
617,709,Apr,21
618,1148,Apr,21
619,1937,Apr,21
620,3331,Apr,21
621,380,Apr,21
622,1373,Apr,21
623,3632,Apr,21
624,174,Apr,21
625,3152,Apr,21
626,143,Apr,21
627,2056,Apr,21
628,4863,Apr,21
629,980,Apr,21
630,3603,Apr,21
631,5067,Apr,21
632,129,Apr,21
633,1362,Apr,21
634,1893,Apr,21
635,1514,Apr,21
636,879,Apr,21
637,1747,Apr,21
638,4732,Apr,21
639,1711,Apr,21
640,3377,Apr,21
641,1031,Apr,21
642,4875,Apr,21
643,3451,Apr,21
644,663,Apr,21
645,82327,Apr,21
646,16,Apr,21
647,4374,Apr,21
648,1148,Apr,21
649,894,Apr,21
650,1445,Apr,21
651,13,Apr,21
652,1961,Apr,21
653,1495,Apr,21
654,17087,Apr,21
655,101,Apr,21
656,1974,Apr,21
657,2329,Apr,21
658,6383,Apr,21
659,1927,Apr,21
660,17253,Apr,21
661,166,Apr,21
662,39588,Apr,21
663,1888,Apr,21
664,11358,Apr,21
665,170,Apr,21
666,17087,Apr,21
667,101,Apr,21
668,20034,Apr,21
669,505,Apr,21
670,17087,Apr,21
671,26,Apr,21
672,101,Apr,21
673,11358,Apr,21
674,270,Apr,21
675,17087,Apr,21
676,101,Apr,21
677,1171,Apr,13
678,1171,Apr,13
679,15781,Apr,14
680,1778,Apr,14
681,1837,Apr,14
682,1835,Apr,14
683,1885,Apr,14
684,1840,Apr,14
685,1856,Apr,14
686,1140,Apr,14
687,1199,Apr,14
688,1143,Apr,14
689,1186,Apr,14
690,337,Apr,14
691,255,Apr,14
692,27090,Apr,14
693,58,Apr,14
694,107,Apr,14
695,38,Apr,14
696,58,Apr,14
697,1580,Apr,5
698,1100,Apr,5
699,1862,Apr,5
700,19303,Apr,5
701,1403,Apr,5
702,889,Apr,5
703,955,Apr,5
704,1639,Apr,5
705,437,Apr,5
706,1952,Apr,5
707,1079,Apr,5
708,862,Apr,5
709,1079,Apr,5
710,2311,Apr,5
711,773,Apr,5
712,274355,Apr,5
713,8012,Apr,5
714,6291,Apr,5
715,7198,Apr,5
716,869,Apr,5
717,2727679,Feb,21
718,17315,Feb,23
719,464,Nov,19
720,8204,Sep,21
721,8111,Sep,21
722,7534,Sep,21
723,11515,Sep,21
724,7101,Sep,21
725,7690,Sep,21
726,9740,Sep,21
727,7631,Sep,21
728,7650,Sep,21
729,9740,Sep,21
730,9031,Sep,21
731,7534,Sep,21
732,7872,Sep,21
733,9740,Sep,21
734,9740,Sep,21
735,7875,Sep,21
736,9740,Sep,21
737,9740,Sep,21
738,9740,Sep,21
739,11910,Sep,21
740,7743,Sep,21
741,9740,Sep,21
742,9740,Sep,21
743,7796,Sep,21
744,9740,Sep,21
745,9606,Sep,21
746,9740,Sep,21
747,7070,Sep,21
748,8084,Sep,21
749,4009,Jul,20
750,1777,Feb,6
751,1746,May,19
752,4017,May,19
753,1338,Nov,18
754,26663,Nov,11
755,11473,Dec,16
756,154589,Feb,21
757,67954,Jun,20
758,1338,Nov,18
759,1239320,Dec,31
760,2547,Jun,25
761,1584,Apr,23
762,1868,Apr,23
763,5552,Apr,23
764,5525,Apr,23
765,5570,Apr,23
766,802,Apr,23
767,5620,Apr,23
768,581,Apr,23
769,17398,Apr,23
770,14716,Apr,23
771,63881,Apr,23
772,1135,Jun,25
773,17039,Apr,23
774,258,Apr,23
775,5074,Apr,23
776,1094,Apr,23
777,2871,Apr,23
778,1584,Apr,23
779,14424,Apr,23
780,1005,Jun,25
781,10338,Apr,23
782,5539,Apr,23
783,7355,Apr,23
784,32345,Apr,23
785,10103,Apr,23
786,1232,Apr,23
787,13181,Apr,23
788,3193,Apr,23
789,171757,Apr,23
790,941,Apr,23
791,1379,Apr,23
792,2014,Apr,23
793,1176,Apr,23
794,772,Apr,23
795,3092,Apr,23
796,140,Apr,23
797,1640,Apr,23
798,900,Apr,23
799,1476,Apr,23
800,22808,Apr,23
801,3435,Apr,23
802,2210,Apr,23
803,1632,Apr,23
804,695,Apr,23
805,5701,Apr,23
806,1519,Apr,23
807,1287,Apr,23
808,49348,Apr,23
809,2656,Apr,23
810,1430,Apr,23
811,3518,Apr,23
812,2898,Apr,23
813,1146,Apr,23
814,7617,Apr,23
815,2485,Apr,23
816,8287,Apr,23
817,549,Apr,23
818,1891,Apr,23
819,4960,Apr,23
820,10430,Apr,23
821,772,Apr,23
822,1192,Apr,23
823,2660,Apr,23
824,818,Apr,23
825,3268,Apr,23
826,14263,Apr,23
827,10764,Apr,23
828,342,Apr,23
829,753,Apr,23
830,3030,Apr,23
831,1217,Apr,23
832,1206,Apr,23
833,9463,Apr,23
834,9334,Apr,23
835,783,Apr,23
836,22975,Apr,23
837,2217,Apr,23
838,4318,Apr,23
839,9812,Apr,23
840,1274,Apr,23
841,11373,Apr,23
842,1651,Apr,23
843,1573,Apr,23
844,5150,Apr,23
845,3843,Apr,23
846,888,Apr,23
847,6568,Apr,23
848,827,Apr,23
849,456,Apr,23
850,5391,Apr,23
851,4778,Apr,23
852,890,Apr,23
853,1197,Apr,23
854,12999,Apr,23
855,914,Apr,23
856,2858,Apr,23
857,904,Apr,23
858,2943,Apr,23
859,5357,Apr,23
860,688,Apr,23
861,1931,Apr,23
862,598,Apr,23
863,10049,Apr,23
864,796,Apr,23
865,2853,Apr,23
866,6009,Apr,23
867,793,Apr,23
868,807,Apr,23
869,5116,Apr,23
870,6643,Apr,23
871,1499,Apr,23
872,462,Apr,23
873,482,Apr,23
874,304,Apr,23
875,997,Apr,23
876,9696,Apr,23
877,14030,Apr,23
878,1351,Apr,23
879,1230,Apr,23
880,2617,Apr,23
881,2686,Apr,23
882,1499,Apr,23
883,342,Apr,23
884,16688,Apr,23
885,1071,Apr,23
886,397,Jun,25
887,16672,Apr,23
888,11041,Apr,23
889,2036,Apr,23
890,1034,Apr,23
891,1961,Apr,23
892,887,Apr,23
893,2377,Apr,23
894,5971,Apr,23
895,1223,Apr,23
896,2241,Apr,23
897,848,Apr,23
898,274,Apr,23
899,1457,Apr,23
900,2152,Apr,23
901,1976,Apr,23
902,5746,Apr,23
903,1208,Apr,23
904,781,Apr,23
905,1193,Apr,23
906,1566,Apr,23
907,1440,Apr,23
908,1599,Apr,23
909,6622,Apr,23
910,21449,Apr,23
911,7359,Apr,23
912,1406,Apr,23
913,1576,Apr,23
914,4360,Apr,23
915,2034,Apr,23
916,6451,Apr,23
917,3376,Apr,23
918,1633,Apr,23
919,3954,Apr,23
920,689,Jun,25
921,9349,Apr,23
922,7272,Apr,23
923,1903,Apr,23
924,604,Apr,23
925,2941,Apr,23
926,5357,Apr,23
927,1280,Apr,23
928,1432,Apr,23
929,791,Apr,23
930,3723,Apr,23
931,543,Jun,25
932,843,Apr,23
933,6791,Apr,23
934,449,Apr,23
935,593,Apr,23
936,626,Apr,23
937,3031,Apr,23
938,343,Apr,23
939,2366,Apr,23
940,2011,Apr,23
941,2271,Apr,23
942,3062,Apr,23
943,47760,Apr,23
944,2516,Apr,23
945,3680,Apr,23
946,9084,Apr,23
947,10441,Apr,23
948,2356,Apr,23
949,3620,Apr,23
950,3380,Apr,23
951,1232,Jun,25
952,3294,Apr,23
953,977,Apr,23
954,7988,Apr,23
955,3062,Apr,23
956,13567,Apr,23
957,13288,Apr,23
958,6131,Apr,23
959,3808,Apr,23
960,7225,Apr,23
961,1374,Jun,25
962,10323,Apr,23
963,12521,Apr,23
964,4645,Apr,23
965,2308,Apr,23
966,1312,Apr,23
967,1210,Apr,23
968,13206,Apr,23
969,2388,Apr,23
970,369,Apr,23
971,524,Apr,23
972,4771,Apr,23
973,365,Apr,23
974,2086,Apr,23
975,2710,Apr,23
976,1786,Apr,23
977,3715,Apr,23
978,2532,Apr,23
979,1793,Apr,23
980,484,Apr,23
981,1293,Apr,23
982,6716,Apr,23
983,305,Apr,23
984,2948,Apr,23
985,326,Apr,23
986,18638,Apr,23
987,915,Apr,23
988,2802,Jun,25
989,7549,Apr,23
990,1850,Apr,23
991,342,Apr,23
992,3552,Apr,23
993,1909,Apr,23
994,597,Apr,23
995,1906,Apr,23
996,22885,Apr,23
997,7936,Apr,23
998,10704,Apr,23
999,3266,Apr,23
1000,3000,Apr,23
1001,6091,Apr,23
1002,3042,Apr,23
1003,5040,Apr,23
1004,6326,Apr,23
1005,10093,Apr,23
1006,8294,Apr,23
1007,2081,Apr,23
1008,1255,Apr,23
1009,3179,Apr,23
1010,3012,Apr,23
1011,1577,Apr,23
1012,2629,Apr,23
1013,609,Apr,23
1014,5703,Apr,23
1015,928,Apr,23
1016,8902,Apr,23
1017,5225,Apr,23
1018,1188,Apr,23
1019,19766,Apr,23
1020,900,Apr,23
1021,686,Apr,23
1022,1856,Apr,23
1023,3631,Apr,23
1024,812,Apr,23
1025,8608,Apr,23
1026,1927,Apr,23
1027,10942,Apr,23
1028,1431,Apr,23
1029,2112,Apr,23
1030,342,Apr,23
1031,1920,Apr,23
1032,443,Apr,23
1033,8834,Apr,23
1034,4246,Apr,23
1035,180,Apr,23
1036,935,Apr,23
1037,1437,Apr,23
1038,1996,Apr,23
1039,76,Apr,23
1040,139,Apr,23
1041,8416,Apr,23
1042,3034,Apr,23
1043,1407,Jun,25
1044,19425,Apr,23
1045,9008,Apr,23
1046,2309,Apr,23
1047,1949,Apr,23
1048,2772,Apr,23
1049,60,Apr,23
1050,457,Apr,23
1051,6097,Apr,23
1052,2062,Apr,23
1053,5538,Apr,23
1054,8978,Apr,23
1055,5343,Apr,23
1056,145,Apr,23
1057,3376,Apr,23
1058,18237,Apr,23
1059,7259,Apr,23
1060,4110,Apr,23
1061,2992,Apr,23
1062,4305,Apr,23
1063,71979,Apr,23
1064,8764,Apr,23
1065,1946,Apr,23
1066,328,Apr,23
1067,5833,Apr,23
1068,531,Apr,23
1069,2164,Apr,23
1070,1335,Apr,23
1071,3328,Apr,23
1072,6231,Apr,23
1073,5431,Apr,23
1074,20343,Apr,23
1075,6294,Apr,23
1076,720,Jun,25
1077,607,Apr,23
1078,4833,Apr,23
1079,901,Apr,23
1080,8929,Apr,23
1081,1508,Apr,23
1082,12630,Apr,23
1083,4939,Apr,23
1084,1584,Apr,23
1085,5581,Apr,23
1086,896,Apr,23
1087,7596,Apr,23
1088,5892,Apr,23
1089,2456,Apr,23
1090,1041,Apr,23
1091,1383,Apr,23
1092,1530,Apr,23
1093,4874,Apr,23
1094,16229,Apr,21
1095,781,Apr,21
1096,1094,Apr,21
1097,1119,Apr,21
1098,873,Apr,21
1099,11,Apr,21
1100,11,Apr,21
1101,10,Apr,21
1102,89,Apr,21
1103,21,Apr,21
1104,11,Apr,21
1105,781,Apr,21
1106,220,Apr,21
1107,4836,Apr,21
1108,1543,Apr,21
1109,5620,Apr,21
1110,1592,Apr,21
1111,137,Apr,21
1112,127,Apr,21
1113,7782,Apr,21
1114,16724,Apr,21
1115,2839,Apr,21
1116,1256,Apr,21
1117,610,Apr,21
1118,1094,Apr,21
1119,1810,Apr,21
1120,3018,Apr,21
1121,334,Apr,21
1122,1248,Apr,21
1123,3411,Apr,21
1124,168,Apr,21
1125,2793,Apr,21
1126,135,Apr,21
1127,1863,Apr,21
1128,4522,Apr,21
1129,819,Apr,21
1130,3405,Apr,21
1131,4785,Apr,21
1132,124,Apr,21
1133,1333,Apr,21
1134,1294,Apr,21
1135,801,Apr,21
1136,1535,Apr,21
1137,4525,Apr,21
1138,1592,Apr,21
1139,3081,Apr,21
1140,859,Apr,21
1141,4493,Apr,21
1142,3216,Apr,21
1143,553,Apr,21
1144,1119,Apr,21
1145,873,Apr,21
1146,1760,Apr,21
1147,7833,Mar,14
1148,17994,Feb,21
1149,14781,Sep,7
1150,5073,Sep,7
1151,8168,Dec,12
1152,11900,May,10
1153,339,Dec,12
1154,628,Oct,27
1155,7451,Dec,12
1156,3142,Dec,12
1157,79770,Dec,2
1158,856,Dec,12
1159,94714,Nov,11
1160,151051,Oct,9
1161,5042,Oct,9
1162,3142,Dec,12
1163,79770,Dec,2
1164,856,Dec,12
1165,94714,Nov,11
1166,151051,Oct,9
1167,5042,Oct,9
1168,544,Oct,9
1169,544,Oct,9
1170,2366,May,10
1171,3046,Sep,8
1172,13371,Sep,8
1173,38701,Jan,9
1174,11358,Apr,21
1175,175,Apr,21
1176,5002,Apr,21
1177,9759,Jun,29
1178,13538,Jun,29
1179,29470,Jun,29
1180,16935,Jun,29
1181,1703,Apr,21
1182,216,Apr,21
1183,2155,Apr,21
1184,23,Apr,21
1185,6957,Apr,21
1186,117,Apr,21
1187,48,Apr,21
1188,5702,Apr,21
1189,23,Apr,21
1190,282,Apr,21
1191,5812,Apr,21
1192,15,Apr,21
1193,2134,Apr,21
1194,40,Apr,21
1195,4,Apr,21
1196,27,Apr,21
1197,218,Apr,21
1198,37,Apr,21
1199,318,Apr,21
1200,36,Apr,21
1201,42,Apr,21
1202,56,Apr,21
1203,26,Apr,21
1204,20,Apr,21
1205,778,Apr,21
1206,218,Apr,21
1207,5791,Apr,21
1208,30,Apr,21
1209,88,Apr,21
1210,30,Apr,21
1211,244,Apr,21
1212,30,Apr,21
1213,155,Apr,21
1214,12099,Apr,21
1215,36,Apr,21
1216,205,Apr,21
1217,16,Apr,21
1218,6,Apr,21
1219,18,Apr,21
1220,1392,Apr,21
1221,30,Apr,21
1222,190,Apr,21
1223,2722,Apr,21
1224,631,Apr,21
1225,78,Apr,21
1226,93,Apr,21
1227,254,Apr,21
1228,5801,Apr,21
1229,1358,Apr,21
1230,645,Apr,21
1231,34,Apr,21
1232,1358,Apr,21
1233,0,Apr,21
1234,1291,Apr,21
1235,40,Apr,21
1236,24,Apr,21
1237,27312,Apr,21
1238,212,Apr,21
1239,20,Apr,21
1240,12,Apr,21
1241,18,Apr,21
1242,208,Apr,21
1243,282,Apr,21
1244,20,Apr,21
1245,5812,Apr,21
1246,326,Apr,21
1247,438,Apr,21
1248,6,Apr,21
1249,98,Apr,21
1250,3173,Apr,21
1251,273,Apr,21
1252,282,Apr,21
1253,23,Apr,21
1254,5,Apr,21
1255,81,Apr,21
1256,21,Apr,21
1257,2202,Apr,21
1258,2661,Apr,21
1259,39,Apr,21
1260,28,Apr,21
1261,82,Apr,21
1262,1450,Apr,21
1263,52,Apr,21
1264,36,Apr,21
1265,12,Apr,21
1266,130,Apr,21
1267,1392,Apr,21
1268,6,Apr,21
1269,36,Apr,21
1270,5812,Apr,21
1271,85,Apr,21
1272,1450,Apr,21
1273,120,Apr,21
1274,55,Apr,21
1275,384,Apr,21
1276,117,Apr,21
1277,90,Apr,21
1278,54,Apr,21
1279,335,Apr,21
1280,282,Apr,21
1281,5901,Apr,21
1282,1158,Apr,21
1283,26,Apr,21
1284,13,Apr,21
1285,249,Apr,21
1286,282,Apr,21
1287,68,Apr,21
1288,6,Apr,21
1289,16,Apr,21
1290,282,Apr,21
1291,3005,Apr,21
1292,820,Apr,21
1293,56,Apr,21
1294,58,Apr,21
1295,39,Apr,21
1296,220,Apr,21
1297,174,Apr,21
1298,3906,Apr,21
1299,22,Apr,21
1300,5812,Apr,21
1301,280,Apr,21
1302,26,Apr,21
1303,36,Apr,21
1304,70,Apr,21
1305,13,Apr,21
1306,0,Apr,21
1307,131523,Apr,21
1308,0,Apr,21
1309,20,Apr,21
1310,2685,Apr,21
1311,480,Apr,21
1312,5379,Apr,21
1313,553,Apr,21
1314,6,Apr,21
1315,159,Apr,21
1316,49,Apr,21
1317,170,Apr,21
1318,12,Apr,21
1319,56,Apr,21
1320,166,Apr,21
1321,313,Apr,21
1322,58,Apr,21
1323,359,Apr,21
1324,20,Apr,21
1325,88,Apr,21
1326,19,Apr,21
1327,99,Apr,21
1328,42,Apr,21
1329,1612,Apr,21
1330,26,Apr,21
1331,42,Apr,21
1332,820,Apr,21
1333,180,Apr,21
1334,600,Apr,21
1335,95,Apr,21
1336,1612,Apr,21
1337,107,Apr,21
1338,3155,Apr,21
1339,70,Apr,21
1340,1384,Apr,21
1341,13366,Apr,21
1342,1366,Apr,21
1343,101,Apr,21
1344,348776,Apr,21
1345,374815,Apr,21
1346,599121,Apr,21
1347,2018,Apr,21
1348,293811,Apr,21
1349,155346,Apr,21
1350,1338,Nov,18
1351,4492,Nov,10
1352,2107,Nov,10
1353,2468,Nov,10
1354,2409,Nov,10
1355,603,Nov,10
1356,448,Nov,10
1357,2095,Nov,10
1358,1459,Nov,10
1359,254,Nov,10
1360,351,Nov,10
1361,539,Nov,10
1362,2174,Nov,10
1363,344,Nov,10
1364,2470,Nov,10
1365,2031,Nov,10
1366,1462,Nov,10
1367,350,Nov,10
1368,41396,Dec,11
1369,412,Dec,11
1370,14453,Oct,13
1371,4544,Apr,30
1372,27100,Jan,22
1373,2224,Apr,30
1374,1338,Nov,18
1375,408,Apr,21
1376,12063,Aug,19
1377,12063,Aug,19
1378,1430,Apr,11
1379,64688,Dec,1
1380,1338,Nov,18
1381,1338,Nov,18
1382,1338,Nov,18
1383,1164,Mar,13
1384,7,Apr,21
1385,37114,Apr,21
1386,1854,Apr,21
1387,406,Apr,21
1388,35454,Apr,21
1389,280468,Sep,6
1390,2790,Sep,6
1391,148093,Sep,6
1392,252432,Sep,6
1393,31873,Jul,23
1394,39588,Apr,21
1395,1212,Apr,21
1396,1888,Apr,21
1397,1338,Nov,18
1398,365,Aug,9
1399,484,Aug,9
1400,3838,Aug,9
1401,217,Aug,9
1402,4834,Aug,9
1403,1858,Aug,9
1404,805,Aug,9
1405,420,Aug,9
1406,6306,Aug,9
1407,389,Aug,9
1408,2027,Aug,9
1409,149,Aug,9
1410,612,Aug,9
1411,1650,Aug,9
1412,1252,Aug,9
1413,487,Aug,9
1414,881,Aug,9
1415,4286,Feb,22
1416,1338,Nov,18
1417,4388,Feb,24
1418,8906,Sep,16
1419,3395,Dec,13
1420,18216,Nov,10
1421,1338,Nov,18
1422,22768,Nov,29
1423,1338,Nov,18
1424,2707,Nov,11
1425,70,Apr,21
1426,1384,Apr,21
1427,7433,Apr,21
1428,11358,Apr,21
1429,1770,Apr,21
1430,1585,Apr,21
1431,170,Apr,21
1432,75144,Apr,21
1433,283130,Apr,16
1434,46645,Feb,15
1435,1338,Nov,18
1436,1288,Jul,4
1437,1630,Jul,4
1438,1044,Apr,17
1439,1211,Apr,17
1440,1188,Apr,17
1441,83,Apr,17
1442,1399,Apr,17
1443,35147,Apr,18
1444,11357,Apr,21
1445,7402,Mar,3
1446,76,Mar,3
1447,4009,Mar,3
1448,660,Aug,20
1449,5125,Aug,20
1450,117730,Oct,22
1451,15900,Apr,3
1452,807,Apr,21
1453,135,Apr,21
1454,1676,Apr,21
1455,11576,Apr,21
1456,1535,Apr,21
1457,11576,Apr,21
1458,70,Apr,21
1459,1384,Apr,21
1460,49504,Apr,21
1461,12872,Apr,21
1462,274,Apr,21
1463,3070,Apr,21
1464,2536,Apr,21
1465,2196,Apr,21
1466,3114,Apr,21
1467,795,Apr,21
1468,243,Apr,21
1469,5227,Apr,21
1470,1776,Apr,21
1471,6064,Apr,21
1472,1891,Apr,21
1473,183,Apr,21
1474,132,Apr,21
1475,8113,Apr,21
1476,17144,Apr,21
1477,3024,Apr,21
1478,1428,Apr,21
1479,709,Apr,21
1480,1148,Apr,21
1481,1937,Apr,21
1482,3331,Apr,21
1483,380,Apr,21
1484,1373,Apr,21
1485,3632,Apr,21
1486,174,Apr,21
1487,3152,Apr,21
1488,143,Apr,21
1489,2056,Apr,21
1490,4863,Apr,21
1491,980,Apr,21
1492,3603,Apr,21
1493,5067,Apr,21
1494,129,Apr,21
1495,1362,Apr,21
1496,1893,Apr,21
1497,1514,Apr,21
1498,879,Apr,21
1499,1747,Apr,21
1500,4732,Apr,21
1501,1711,Apr,21
1502,3377,Apr,21
1503,1031,Apr,21
1504,4875,Apr,21
1505,3451,Apr,21
1506,663,Apr,21
1507,82327,Apr,21
1508,16,Apr,21
1509,4374,Apr,21
1510,1148,Apr,21
1511,894,Apr,21
1512,2088,Apr,21
1513,3114,Apr,21
1514,795,Apr,21
1515,243,Apr,21
1516,5227,Apr,21
1517,1776,Apr,21
1518,6064,Apr,21
1519,1891,Apr,21
1520,183,Apr,21
1521,132,Apr,21
1522,8113,Apr,21
1523,17144,Apr,21
1524,3024,Apr,21
1525,1428,Apr,21
1526,709,Apr,21
1527,1148,Apr,21
1528,1937,Apr,21
1529,3331,Apr,21
1530,380,Apr,21
1531,1373,Apr,21
1532,3632,Apr,21
1533,174,Apr,21
1534,3152,Apr,21
1535,143,Apr,21
1536,2056,Apr,21
1537,4863,Apr,21
1538,980,Apr,21
1539,3603,Apr,21
1540,5067,Apr,21
1541,129,Apr,21
1542,1362,Apr,21
1543,1893,Apr,21
1544,1514,Apr,21
1545,879,Apr,21
1546,1747,Apr,21
1547,4732,Apr,21
1548,1711,Apr,21
1549,3377,Apr,21
1550,1031,Apr,21
1551,4875,Apr,21
1552,3451,Apr,21
1553,663,Apr,21
1554,82327,Apr,21
1555,16,Apr,21
1556,4374,Apr,21
1557,1148,Apr,21
1558,894,Apr,21
1559,3114,Apr,21
1560,795,Apr,21
1561,243,Apr,21
1562,5227,Apr,21
1563,1776,Apr,21
1564,6064,Apr,21
1565,1891,Apr,21
1566,183,Apr,21
1567,132,Apr,21
1568,8113,Apr,21
1569,17144,Apr,21
1570,3024,Apr,21
1571,1428,Apr,21
1572,709,Apr,21
1573,1148,Apr,21
1574,1937,Apr,21
1575,3331,Apr,21
1576,380,Apr,21
1577,1373,Apr,21
1578,3632,Apr,21
1579,174,Apr,21
1580,3152,Apr,21
1581,143,Apr,21
1582,2056,Apr,21
1583,4863,Apr,21
1584,980,Apr,21
1585,3603,Apr,21
1586,5067,Apr,21
1587,129,Apr,21
1588,1362,Apr,21
1589,1893,Apr,21
1590,1514,Apr,21
1591,879,Apr,21
1592,1747,Apr,21
1593,4732,Apr,21
1594,1711,Apr,21
1595,3377,Apr,21
1596,1031,Apr,21
1597,4875,Apr,21
1598,3451,Apr,21
1599,663,Apr,21
1600,82327,Apr,21
1601,16,Apr,21
1602,4374,Apr,21
1603,1148,Apr,21
1604,894,Apr,21
1605,3114,Apr,21
1606,795,Apr,21
1607,243,Apr,21
1608,5227,Apr,21
1609,1776,Apr,21
1610,6064,Apr,21
1611,1891,Apr,21
1612,183,Apr,21
1613,132,Apr,21
1614,8113,Apr,21
1615,17144,Apr,21
1616,3024,Apr,21
1617,1428,Apr,21
1618,709,Apr,21
1619,1148,Apr,21
1620,1937,Apr,21
1621,3331,Apr,21
1622,380,Apr,21
1623,1373,Apr,21
1624,3632,Apr,21
1625,174,Apr,21
1626,3152,Apr,21
1627,143,Apr,21
1628,2056,Apr,21
1629,4863,Apr,21
1630,980,Apr,21
1631,3603,Apr,21
1632,5067,Apr,21
1633,129,Apr,21
1634,1362,Apr,21
1635,1893,Apr,21
1636,1514,Apr,21
1637,879,Apr,21
1638,1747,Apr,21
1639,4732,Apr,21
1640,1711,Apr,21
1641,3377,Apr,21
1642,1031,Apr,21
1643,4875,Apr,21
1644,3451,Apr,21
1645,663,Apr,21
1646,82327,Apr,21
1647,16,Apr,21
1648,4374,Apr,21
1649,1148,Apr,21
1650,894,Apr,21
1651,3114,Apr,21
1652,795,Apr,21
1653,243,Apr,21
1654,5227,Apr,21
1655,1776,Apr,21
1656,6064,Apr,21
1657,1891,Apr,21
1658,183,Apr,21
1659,132,Apr,21
1660,8113,Apr,21
1661,17144,Apr,21
1662,3024,Apr,21
1663,1428,Apr,21
1664,709,Apr,21
1665,1148,Apr,21
1666,1937,Apr,21
1667,3331,Apr,21
1668,380,Apr,21
1669,1373,Apr,21
1670,3632,Apr,21
1671,174,Apr,21
1672,3152,Apr,21
1673,143,Apr,21
1674,2056,Apr,21
1675,4863,Apr,21
1676,980,Apr,21
1677,3603,Apr,21
1678,5067,Apr,21
1679,129,Apr,21
1680,1362,Apr,21
1681,1893,Apr,21
1682,1514,Apr,21
1683,879,Apr,21
1684,1747,Apr,21
1685,4732,Apr,21
1686,1711,Apr,21
1687,3377,Apr,21
1688,1031,Apr,21
1689,4875,Apr,21
1690,3451,Apr,21
1691,663,Apr,21
1692,82327,Apr,21
1693,16,Apr,21
1694,4374,Apr,21
1695,1148,Apr,21
1696,894,Apr,21
1697,795,Apr,21
1698,243,Apr,21
1699,5227,Apr,21
1700,1776,Apr,21
1701,6064,Apr,21
1702,1891,Apr,21
1703,183,Apr,21
1704,132,Apr,21
1705,8113,Apr,21
1706,17144,Apr,21
1707,3024,Apr,21
1708,1428,Apr,21
1709,709,Apr,21
1710,1148,Apr,21
1711,1937,Apr,21
1712,3331,Apr,21
1713,380,Apr,21
1714,1373,Apr,21
1715,3632,Apr,21
1716,174,Apr,21
1717,3152,Apr,21
1718,143,Apr,21
1719,2056,Apr,21
1720,4863,Apr,21
1721,980,Apr,21
1722,3603,Apr,21
1723,5067,Apr,21
1724,129,Apr,21
1725,1362,Apr,21
1726,1514,Apr,21
1727,879,Apr,21
1728,1747,Apr,21
1729,4732,Apr,21
1730,1711,Apr,21
1731,3377,Apr,21
1732,1031,Apr,21
1733,4875,Apr,21
1734,3451,Apr,21
1735,663,Apr,21
1736,1148,Apr,21
1737,894,Apr,21
1738,5464,Apr,21
1739,512853,Apr,21
1740,25175,Apr,21
1741,868,Apr,21
1742,415531,Apr,21
1743,60932,Oct,29
1744,1558,Sep,27
1745,37664,Apr,21
1746,3167,Apr,21
1747,83521,Apr,21
1748,909,Apr,21
1749,27988,Feb,22
1750,1338,Nov,18
1751,7634,Mar,29
1752,136032,Mar,29
1753,1338,Nov,18
1754,17968,May,4
1755,479,Jan,22
1756,45628,Apr,18
1757,416238,Dec,7
1758,5857,Feb,21
1759,10879,Feb,21
1760,5199,Feb,21
1761,16309,Feb,21
1762,938846,Feb,21
1763,12275,Feb,21
1764,3208,Feb,21
1765,8086,Feb,21
1766,24004,Feb,21
1767,148121,Feb,21
1768,108760,Feb,21
1769,64241,Feb,21
1770,435,Feb,21
1771,1117369,Feb,21
1772,708738,Feb,21
1773,1084,Feb,21
1774,32063,Feb,21
1775,5820,Feb,21
1776,84950,Feb,21
1777,51026,Feb,21
1778,2033,Feb,21
1779,7445,Feb,21
1780,763795,Feb,21
1781,52838,Feb,21
1782,1270011,Feb,21
1783,37977,Nov,11
1784,152,Jan,17
1785,11358,Jan,17
1786,2482,Jan,17
1787,1007,Jan,17
1788,63799,Sep,2
1789,41,Sep,2
1790,42,Sep,2
1791,110114,Sep,2
1792,4226,Sep,2
1793,1423,Sep,2
1794,110114,Sep,2
1795,173559,Sep,2
1796,173559,Sep,2
1797,1526,Apr,14
1798,7531,Apr,14
1799,1582,Apr,14
1800,1056,Apr,14
1801,1483,Apr,14
1802,2179,Apr,14
1803,35,Apr,14
1804,1880,Apr,14
1805,1,Apr,14
1806,34,Apr,14
1807,11,Apr,14
1808,1020,Apr,14
1809,1,Apr,14
1810,24,Apr,14
1811,14,Apr,14
1812,172,Apr,14
1813,1,Apr,14
1814,17,Apr,14
1815,29,Apr,14
1816,7,Apr,14
1817,641,Apr,14
1818,1,Apr,14
1819,516,Apr,14
1820,10,Apr,14
1821,844,Apr,14
1822,1,Apr,14
1823,13,Apr,14
1824,1078,Apr,14
1825,1,Apr,14
1826,57,Apr,14
1827,29,Apr,14
1828,5,Apr,14
1829,3680,Apr,14
1830,1,Apr,14
1831,448,Apr,14
1832,13,Apr,14
1833,641,Apr,14
1834,1,Apr,14
1835,33,Apr,14
1836,11,Apr,14
1837,339,Apr,14
1838,1,Apr,14
1839,24,Apr,14
1840,11,Apr,14
1841,832,Apr,14
1842,1,Apr,14
1843,5,Apr,14
1844,128,Apr,14
1845,1,Apr,14
1846,16,Apr,14
1847,1369,Apr,14
1848,1,Apr,14
1849,36,Apr,14
1850,9,Apr,14
1851,230,Apr,14
1852,1,Apr,14
1853,12,Apr,14
1854,13,Apr,14
1855,541,Apr,14
1856,1,Apr,14
1857,33,Apr,14
1858,10,Apr,14
1859,169,Apr,14
1860,1,Apr,14
1861,13,Apr,14
1862,6,Apr,14
1863,3576,Apr,14
1864,1,Apr,14
1865,42,Apr,14
1866,9,Apr,14
1867,181,Apr,14
1868,1,Apr,14
1869,17,Apr,14
1870,220,Apr,14
1871,1,Apr,14
1872,18,Apr,14
1873,804,Apr,14
1874,1,Apr,14
1875,43,Apr,14
1876,5,Apr,14
1877,440,Apr,14
1878,1,Apr,14
1879,7,Apr,14
1880,684,Apr,14
1881,1,Apr,14
1882,30,Apr,14
1883,4,Apr,14
1884,4785,Apr,14
1885,1526,Apr,14
1886,1740,Apr,14
1887,2968,Apr,14
1888,406,Apr,14
1889,3372,Apr,14
1890,911,Apr,14
1891,2385,Apr,14
1892,2138,Apr,14
1893,1774,Apr,14
1894,2893,Apr,14
1895,60,Apr,14
1896,11,Apr,14
1897,5254,Apr,14
1898,1,Apr,14
1899,192,Apr,14
1900,11,Apr,14
1901,12,Apr,14
1902,514,Apr,14
1903,1,Apr,14
1904,6,Apr,14
1905,337,Apr,14
1906,1,Apr,14
1907,4,Apr,14
1908,973,Apr,14
1909,1,Apr,14
1910,53,Apr,14
1911,9,Apr,14
1912,3732,Apr,14
1913,1,Apr,14
1914,703,Apr,14
1915,1582,Apr,14
1916,9,Apr,14
1917,1062,Apr,14
1918,1,Apr,14
1919,23,Apr,14
1920,4,Apr,14
1921,0,Apr,14
1922,2623,Feb,21
1923,10317,Feb,21
1924,27165,Feb,21
1925,1856,Feb,21
1926,11223,Feb,21
1927,8478,Feb,21
1928,3652,Feb,21
1929,793,Feb,21
1930,6536,Feb,21
1931,31246,Feb,22
1932,1254,Jan,3
